3.299760464869905263e-11 0.000000000000000000e+00
1.928966378454965991e-04 1.100000000000000000e+01
1.316615096058626477e-06 1.700000000000000000e+01
4.627054295269772410e-11 2.400000000000000000e+01
1.001389193788781995e-09 2.700000000000000000e+01
7.276490521235245978e-11 3.100000000000000000e+01
8.868230594316628412e-10 3.600000000000000000e+01
2.211293370635303290e-09 3.800000000000000000e+01
5.549191328668712231e-09 4.000000000000000000e+01
4.241584861119918060e-10 4.200000000000000000e+01
6.843414723789464915e-13 4.700000000000000000e+01
4.440892098500626162e-16 4.800000000000000000e+01
3.461808617544193112e-11 5.500000000000000000e+01
1.212363542890670942e-13 6.800000000000000000e+01
9.541833989601400390e-11 7.300000000000000000e+01
1.748283509073189634e-07 7.700000000000000000e+01
3.899316892339577123e-04 7.900000000000000000e+01
4.440892098500626162e-16 8.300000000000000000e+01
1.106935375361217666e-06 9.000000000000000000e+01
2.184918912462308072e-13 9.200000000000000000e+01
9.363021469255272677e-09 9.600000000000000000e+01
4.288929211782033235e-09 9.800000000000000000e+01
